%YAML:1.0
---
Camera Count: 2
Point Count: 849
Rotations:
   - !!opencv-matrix
      rows: 3
      cols: 3
      dt: d
      data: [ 1., 0., 0., 0., 1., 0., 0., 0., 1. ]
   - !!opencv-matrix
      rows: 3
      cols: 3
      dt: d
      data: [ 9.3332015510286992e-01, -1.5905077635295278e-02,
          -3.5869278858679315e-01, 9.4687102233752818e-03,
          9.9976122489241848e-01, -1.9693570735553820e-02,
          3.5892036944907479e-01, 1.4984048419093747e-02,
          9.3324790205363650e-01 ]
Motions:
   - !!opencv-matrix
      rows: 3
      cols: 1
      dt: d
      data: [ 0., 0., 0. ]
   - !!opencv-matrix
      rows: 3
      cols: 1
      dt: d
      data: [ 9.9595762902478135e-01, 2.1827711588478012e-02,
          8.7131809312938624e-02 ]
Points:
   - [ -1.2610843181610107e+00, 2.3594684898853302e-01,
       2.6856539249420166e+00 ]
   - [ -1.2545074224472046e+00, 2.3220641911029816e-01,
       2.6836619377136230e+00 ]
   - [ -1.2545074224472046e+00, 2.3220641911029816e-01,
       2.6836619377136230e+00 ]
   - [ -1.2800825834274292e+00, -6.7042410373687744e-01,
       2.7394134998321533e+00 ]
   - [ -1.2654868364334106e+00, -2.0816665887832642e-01,
       2.7160780429840088e+00 ]
   - [ -1.2747906446456909e+00, -6.9558256864547729e-01,
       2.7369253635406494e+00 ]
   - [ -1.2626885175704956e+00, -1.9025202095508575e-01,
       2.7159132957458496e+00 ]
   - [ -1.2609375715255737e+00, -2.1796499192714691e-01,
       2.7127969264984131e+00 ]
   - [ -1.2617533206939697e+00, -3.4631541371345520e-01,
       2.7194480895996094e+00 ]
   - [ -1.2417429685592651e+00, 2.3381428420543671e-01,
       2.6767706871032715e+00 ]
   - [ -1.2594525814056396e+00, -4.3134471774101257e-01,
       2.7231647968292236e+00 ]
   - [ -1.2520731687545776e+00, -5.2335166931152344e-01,
       2.7269866466522217e+00 ]
   - [ -1.2409751415252686e+00, -1.8749047815799713e-01,
       2.7051382064819336e+00 ]
   - [ -1.2407860755920410e+00, -1.9165463745594025e-01,
       2.7057402133941650e+00 ]
   - [ -1.2423564195632935e+00, -2.6125711202621460e-01,
       2.7113888263702393e+00 ]
   - [ -1.2457361221313477e+00, -4.3438708782196045e-01,
       2.7209296226501465e+00 ]
   - [ -1.2457361221313477e+00, -4.3438708782196045e-01,
       2.7209296226501465e+00 ]
   - [ -1.2517485618591309e+00, -6.6991835832595825e-01,
       2.7354190349578857e+00 ]
   - [ -1.2516031265258789e+00, -6.9968807697296143e-01,
       2.7356009483337402e+00 ]
   - [ -1.2368260622024536e+00, -1.8442697823047638e-01,
       2.7046685218811035e+00 ]
   - [ -1.2264139652252197e+00, 1.4939624071121216e-01,
       2.6851658821105957e+00 ]
   - [ -1.2445293664932251e+00, -6.8478631973266602e-01,
       2.7353432178497314e+00 ]
   - [ -1.2279132604598999e+00, -2.0519313216209412e-01,
       2.7037727832794189e+00 ]
   - [ -1.2307021617889404e+00, -2.6353666186332703e-01,
       2.7101728916168213e+00 ]
   - [ -1.2227437496185303e+00, -1.9213101267814636e-01,
       2.7060914039611816e+00 ]
   - [ -1.2204295396804810e+00, -2.6646113395690918e-01,
       2.7078320980072021e+00 ]
   - [ -1.2204295396804810e+00, -2.6646113395690918e-01,
       2.7078320980072021e+00 ]
   - [ -1.2126439809799194e+00, -4.1853529214859009e-01,
       2.7104597091674805e+00 ]
   - [ -1.1949182748794556e+00, 1.4935182034969330e-01,
       2.6808934211730957e+00 ]
   - [ -1.2005349397659302e+00, -8.2171797752380371e-02,
       2.6940035820007324e+00 ]
   - [ -1.2118937969207764e+00, -6.1760419607162476e-01,
       2.7219588756561279e+00 ]
   - [ -1.2109647989273071e+00, -6.9557636976242065e-01,
       2.7319025993347168e+00 ]
   - [ -1.1940873861312866e+00, -2.7182215452194214e-01,
       2.6995084285736084e+00 ]
   - [ -1.2057418823242188e+00, -6.8399834632873535e-01,
       2.7274141311645508e+00 ]
   - [ -1.1836589574813843e+00, -4.4255813956260681e-01,
       2.7075130939483643e+00 ]
   - [ -1.1866362094879150e+00, -5.4091411828994751e-01,
       2.7149889469146729e+00 ]
   - [ -1.1823443174362183e+00, -4.2565318942070007e-01,
       2.7065033912658691e+00 ]
   - [ -1.1844594478607178e+00, -5.7436919212341309e-01,
       2.7175774574279785e+00 ]
   - [ -1.1769789457321167e+00, -6.1387956142425537e-01,
       2.7194983959197998e+00 ]
   - [ -1.1763453483581543e+00, -6.9119542837142944e-01,
       2.7215442657470703e+00 ]
   - [ -1.1503932476043701e+00, 2.2969177365303040e-01,
       2.6637458801269531e+00 ]
   - [ -1.1500062942504883e+00, 1.9441092014312744e-01,
       2.6656041145324707e+00 ]
   - [ -1.1610267162322998e+00, -1.8944557011127472e-01,
       2.6924772262573242e+00 ]
   - [ -1.1527491807937622e+00, 1.1370030790567398e-01,
       2.6741089820861816e+00 ]
   - [ -1.1715464591979980e+00, -6.7242372035980225e-01,
       2.7208414077758789e+00 ]
   - [ -1.1722693443298340e+00, -6.6819757223129272e-01,
       2.7235913276672363e+00 ]
   - [ -1.1716555356979370e+00, -7.2669363021850586e-01,
       2.7235722541809082e+00 ]
   - [ -1.1529170274734497e+00, -8.2448340952396393e-02,
       2.6855154037475586e+00 ]
   - [ -1.1661753654479980e+00, -5.8604294061660767e-01,
       2.7193439006805420e+00 ]
   - [ -1.1661753654479980e+00, -5.8604294061660767e-01,
       2.7193439006805420e+00 ]
   - [ -1.1532491445541382e+00, -1.5752510726451874e-01,
       2.6895709037780762e+00 ]
   - [ -1.1607679128646851e+00, -6.0561019182205200e-01,
       2.7204835414886475e+00 ]
   - [ -1.1607679128646851e+00, -6.0561019182205200e-01,
       2.7204835414886475e+00 ]
   - [ -1.1481094360351563e+00, -3.1597951054573059e-01,
       2.6936185359954834e+00 ]
   - [ -1.1347727775573730e+00, 1.9956877827644348e-01,
       2.6629433631896973e+00 ]
   - [ -1.1315413713455200e+00, 2.4610435962677002e-01,
       2.6619646549224854e+00 ]
   - [ -1.1381920576095581e+00, 1.7009306699037552e-02,
       2.6802024841308594e+00 ]
   - [ -1.1381920576095581e+00, 1.7009306699037552e-02,
       2.6802024841308594e+00 ]
   - [ -1.1489820480346680e+00, -5.3466624021530151e-01,
       2.7059593200683594e+00 ]
   - [ -1.1501206159591675e+00, -6.9318246841430664e-01,
       2.7165279388427734e+00 ]
   - [ -1.1427329778671265e+00, -6.6834920644760132e-01,
       2.7182688713073730e+00 ]
   - [ -1.1427329778671265e+00, -6.6834920644760132e-01,
       2.7182688713073730e+00 ]
   - [ -1.1185461282730103e+00, 2.4030961096286774e-01,
       2.6617398262023926e+00 ]
   - [ -1.1283401250839233e+00, -2.6380556821823120e-01,
       2.6889858245849609e+00 ]
   - [ -1.1135205030441284e+00, 1.7408092319965363e-01,
       2.6597111225128174e+00 ]
   - [ -1.1135205030441284e+00, 1.7408092319965363e-01,
       2.6597111225128174e+00 ]
   - [ -1.1135205030441284e+00, 1.7408092319965363e-01,
       2.6597111225128174e+00 ]
   - [ -1.1327702999114990e+00, -5.1916164159774780e-01,
       2.7087171077728271e+00 ]
   - [ -1.1140707731246948e+00, 1.2095622718334198e-01,
       2.6653439998626709e+00 ]
   - [ -1.1359734535217285e+00, -7.2858309745788574e-01,
       2.7195405960083008e+00 ]
   - [ -1.1290932893753052e+00, -5.5623573064804077e-01,
       2.7094380855560303e+00 ]
   - [ -1.1306852102279663e+00, -6.7115718126296997e-01,
       2.7142672538757324e+00 ]
   - [ -1.1117390394210815e+00, 7.5042746961116791e-02,
       2.6727318763732910e+00 ]
   - [ -1.1269267797470093e+00, -6.7808812856674194e-01,
       2.7109272480010986e+00 ]
   - [ -1.1255640983581543e+00, -6.9736874103546143e-01,
       2.7089579105377197e+00 ]
   - [ -1.1170012950897217e+00, -2.6273033022880554e-01,
       2.6898746490478516e+00 ]
   - [ -1.1162614822387695e+00, -5.3991657495498657e-01,
       2.6983039379119873e+00 ]
   - [ -1.1166014671325684e+00, -5.2437406778335571e-01,
       2.7007532119750977e+00 ]
   - [ -1.1175794601440430e+00, -5.1259279251098633e-01,
       2.7039821147918701e+00 ]
   - [ -1.1113207340240479e+00, -2.7503573894500732e-01,
       2.6893048286437988e+00 ]
   - [ -1.1047048568725586e+00, -8.4917500615119934e-02,
       2.6760227680206299e+00 ]
